34.08127289870153 14.530079224796498 23.111795969335002
82.65938724934523 71.93823108966231 10.836059355949379
80.1440529561487 29.725490561264355 76.62364517801487
64.78647660986353 26.575507747710148 65.79054140701191
1.9151000724881184 64.9182676534017 74.09626557397253
7.3193123734554995 32.410385061037815 60.36211673306568
29.651182854535296 89.12540914751197 52.36533488819482
58.31217975698618 94.83553354749752 23.657155018221353
15.742791063973726 88.40399952947402 6.6867862675670136
36.40819901347857 99.09929223741291 10.723027056604806
14.149295949272345 57.00058550557942 54.36940228060736
3.188054556611919 7.6223143740006165 51.2141943942123
93.52834474434746 25.3878859552771 84.4143550939026
8.543708813091966 6.269716483416121 32.72636350639324
12.122339178972009 83.29613491212122 4.574846745701455
71.3829664251354 65.77581918900871 12.721035026287076
27.8877383242779 22.84399363999419 33.06724280006712
6.419291497079838 64.77377087002117 40.854422785924505
40.91480765134915 15.930918126900973 81.93205580685174
92.38352986385289 41.10567771102923 27.628374061566152
74.61280383926888 12.255379843437176 59.20298119269941
19.4138737076775 93.31747077119793 58.91208977670269
71.60372057582882 9.296290762061755 53.29552916028909
57.18360032484189 67.84585104447201 86.96925408471226
81.61382662902872 10.99895987033699 23.90884260608842
13.142842399172904 78.44823019359836 58.18217180937071
8.64619980012895 62.19572980946181 7.09165138197111
96.51652324245029 92.0697997601282 80.15454074536964
0.26509402879346666 40.142305141892656 70.60086235066518
72.29248673726744 2.175721488270621 11.7098988364973
7.990583326776967 82.32944820924725 99.60235868302514
76.3597785974722 55.55296596213781 28.12581951127353
53.4962515422858 31.3652695785688 6.013756025839312
77.53737767319855 40.93565160104317 47.72452053824945
51.85126531018924 90.40373336568062 80.14108017884124
16.676330450044542 50.30268368244795 95.82220257216878
57.340333899282335 48.94387444239619 82.4586787139077
71.84143546253713 85.15383933468745 60.17781531555847
95.11085740701142 77.61097485499008 50.67221960030183
35.36954652868022 76.72127844900328 42.22594679015839
91.4697471074146 80.19343650063342 2.3058898490186386
35.71778995761985 83.31158682813451 18.932946683842843
31.514464762464712 29.66338924709874 75.22286945890791
87.10829763258849 85.30670576747978 40.29150235551307
0.9441134917135607 73.49712783639104 67.75231113831933
37.65180166201563 19.752248993914424 11.824147045029253
15.2259618317504 70.76064018756203 95.76212262106205
8.232560528202571 77.39674503569029 17.393360651893673
94.87200197001013 46.91879096150438 75.88339493984108
58.029816597885606 10.37037024725247 19.294150626841866
4.594592981293754 70.4255214680384 19.177088102449737
95.97162223213793 58.316652119356995 13.06322984062901
58.120557869429646 90.66344700920507 19.950739498850467
85.26967035094142 45.57279348021025 88.60819039104142
79.2653135896899 88.24177484268164 99.13409277336233
61.149089249049936 13.222705981397286 79.06349724255067
47.04486349501501 54.8972930174796 44.4458342709625
99.0477092651638 16.028361506717037 92.00103752143256
46.43651007294216 47.13439605579263 0.23275288828101814
43.849204677384265 98.17895990484271 35.4093668508888
9.624521975610655 28.330886014995173 85.17236002001452
29.305243132394864 91.8286123153112 31.144177553780285
79.62591659201676 33.38704167053342 56.17650970617836
53.15935234986969 39.10922790530022 62.025126476490996
41.13218982764922 89.33355483814326 15.028225149546303
5.5142420883138925 45.16602753979333 63.26370167888903
21.617535797100274 15.314640170136219 62.815738339798635
44.01820338094641 99.25718354225754 18.699217757924448
93.99168375869505 59.894469375433445 19.09289543711764
38.05911047261047 4.156948766784763 63.76950919083081
